%YAML:1.0
---
model_type: KANNALA_BRANDT
camera_name: camera
image_width: 752
image_height: 480
projection_parameters:
   k2: -0.02894397009470959
   k3: 0.01715886894811760
   k4: -0.02438138086567099
   k5: 0.00947455798109918
   mu: 367.29742348407478403
   mv: 367.18428781295642693
   u0: 369.39750760795385531
   v0: 253.98109068502029118
