%YAML:1.0
---
model_type: KANNALA_BRANDT
camera_name: camera
image_width: 752
image_height: 480
projection_parameters:
   k2: -0.02044382835917087
   k3: -0.01027712680532732
   k4: 0.01289682407027245
   k5: -0.00681767908841318
   mu: 366.70226331180265333
   mv: 366.61787168054223685
   u0: 380.76033550844852016
   v0: 241.83926276428078950
