%YAML:1.0
---
model_type: KANNALA_BRANDT
camera_name: camera
image_width: 752
image_height: 480
projection_parameters:
   k2: -0.02881244679005000
   k3: 0.01435163685143749
   k4: -0.01733743594181295
   k5: 0.00557858083665749
   mu: 365.81273105651797550
   mv: 365.83668575762379760
   u0: 380.67130930447876835
   v0: 236.59881670208929449
