%YAML:1.0
---
model_type: KANNALA_BRANDT
camera_name: camera
image_width: 752
image_height: 480
projection_parameters:
   k2: -0.02558707736493650
   k3: 0.00276162422472006
   k4: 0.00004964220261091
   k5: -0.00335082452814294
   mu: 367.19303467129253704
   mv: 367.12777697252937514
   u0: 379.97601199497017888
   v0: 237.80342276839405713
