%YAML:1.0
---
model_type: KANNALA_BRANDT
camera_name: camera
image_width: 752
image_height: 480
projection_parameters:
   k2: -0.026530753007227632
   k3: 0.02219391899371484
   k4: -0.0411957296133557
   k5: 0.020610347937089237
   mu: 366.06709958608553
   mv: 366.1832978379435
   u0: 364.3169865284657
   v0: 239.05903853448817
