%YAML:1.0
---
model_type: KANNALA_BRANDT
camera_name: camera
image_width: 752
image_height: 480
projection_parameters:
   k2: -0.015097167880270365
   k3: -0.025620623930371466
   k4: 0.03282998668711923
   k5: -0.016958086531881317
   mu: 365.78267082903034
   mv: 365.74117210121227
   u0: 373.01726637782764
   v0: 238.45419479445087
